100
18
16 13 22 12 1 20 10 7 23 2 14 5 29 15 4 17 24 11
15
2 0 10 14 28 7 4 20 5 25 1 23 17 18 3
19
22 6 24 21 19 2 25 29 28 11 14 5 1 18 10 23 4 20 0
17
5 2 29 12 8 28 27 24 20 1 25 17 16 18 22 14 23
13
10 0 19 20 5 15 6 4 27 1 23 22 16
21
29 11 20 3 4 7 27 25 19 12 5 10 16 17 22 24 28 14 8 1 15
24
3 25 10 23 21 7 15 22 16 1 29 27 26 19 28 5 12 0 17 13 6 8 4 2
22
14 1 24 26 10 22 15 11 13 21 8 23 4 9 2 5 19 16 29 17 0 6
18
3 5 8 0 20 27 9 29 15 4 12 21 18 26 2 13 6 14
18
28 18 20 4 6 19 16 17 15 13 9 5 24 8 23 12 10 26
15
5 15 24 19 9 22 25 27 14 17 21 16 29 26 7
17
13 1 22 3 2 17 18 29 16 7 21 12 10 26 14 6 4
20
5 13 0 2 27 11 18 25 26 14 22 8 1 29 6 12 15 21 23 16
19
19 10 1 6 11 9 7 27 4 13 3 2 17 24 21 23 25 20 16
15
19 17 3 2 7 23 25 16 20 5 8 4 26 15 1
15
13 16 8 14 27 7 19 21 0 1 23 25 4 17 2
16
29 18 2 25 13 11 20 1 23 4 12 10 16 14 15 21
24
4 13 21 5 16 20 22 15 12 0 8 28 2 17 3 10 7 26 14 19 27 24 11 18
18
15 20 6 10 7 12 0 18 17 22 28 8 11 4 9 27 14 16
23
16 22 12 6 9 18 8 2 20 29 3 5 25 21 7 23 10 28 4 15 24 0 14
17
29 15 0 8 18 3 2 22 25 28 12 27 1 21 6 9 16
20
5 3 25 2 1 17 28 8 27 13 29 22 16 20 23 18 15 9 6 24
18
29 19 12 8 22 5 18 21 25 6 27 3 26 1 28 11 2 16
16
12 10 5 8 1 23 6 27 21 13 16 18 22 7 20 15
18
27 24 8 2 20 13 6 17 11 22 9 1 18 16 12 26 21 19
14
2 23 16 9 21 3 14 13 12 24 6 29 19 8
18
18 6 24 13 21 19 22 23 29 28 7 27 4 12 8 1 0 5
25
27 7 2 1 11 8 0 9 25 18 5 16 4 21 24 14 12 13 19 17 29 6 10 23 26
22
4 29 28 22 5 25 14 19 3 8 23 21 17 6 12 16 11 15 20 26 7 13
18
16 13 21 11 5 0 12 9 2 8 6 29 15 20 18 7 19 25
14
28 27 18 5 6 1 21 23 3 7 12 19 9 26
21
15 1 8 19 14 20 24 17 0 26 4 7 2 23 25 12 10 28 6 16 29
15
21 26 22 11 18 14 27 3 9 6 23 10 13 4 2
15
5 9 23 19 2 24 8 26 11 7 4 13 28 22 1
22
24 1 28 14 3 27 7 26 2 29 23 15 22 11 13 19 18 12 6 0 17 9
19
11 28 21 0 8 1 2 18 29 17 4 14 13 23 27 15 12 9 6
18
27 22 29 8 26 28 1 9 12 21 4 5 17 14 7 23 20 19
17
17 11 9 15 29 23 19 25 6 7 26 18 4 3 1 0 13
18
17 27 16 5 8 18 28 12 2 0 21 19 10 23 15 11 25 9
15
15 8 3 18 26 25 17 29 23 19 10 11 27 24 2
21
11 14 17 28 26 6 29 5 4 0 8 19 10 7 13 21 16 25 2 27 9
19
5 12 10 22 19 7 15 24 18 13 26 29 17 27 11 21 20 2 28
17
6 18 13 2 14 19 7 5 21 1 23 25 0 26 12 15 27
13
20 11 17 19 15 13 26 29 24 4 23 12 18
15
4 13 12 19 18 6 5 26 23 15 28 29 20 11 27
17
2 10 15 18 24 9 12 26 17 25 13 27 6 14 20 8 22
16
29 2 12 4 27 7 13 10 25 15 21 5 28 1 17 0
17
19 4 0 11 12 10 5 7 9 15 14 20 2 25 6 13 17
14
6 21 17 13 11 10 23 4 22 19 9 29 27 15
16
3 9 18 27 1 17 6 20 12 10 5 21 7 14 23 25
19
27 8 4 26 10 12 7 16 21 1 28 2 17 3 15 9 6 14 0
16
26 24 14 21 12 25 9 28 23 16 2 22 8 7 0 20
16
18 26 29 28 20 0 24 11 13 2 6 14 19 17 3 1
19
14 15 20 25 8 6 16 22 7 2 4 29 28 26 0 12 24 23 11
19
5 1 22 25 28 26 20 16 10 27 4 11 18 2 13 19 7 17 8
21
25 27 11 15 13 5 28 10 18 14 3 22 4 29 19 0 6 24 26 1 21
20
23 6 18 2 5 10 4 1 9 7 3 19 0 26 24 21 20 17 28 27
22
29 17 28 6 9 24 18 0 21 2 19 23 22 13 20 16 3 15 8 4 10 5
16
5 0 28 4 11 1 24 19 25 16 29 27 10 6 21 18
17
18 4 23 10 0 29 6 8 25 1 7 28 27 20 9 26 21
21
17 9 21 15 14 28 19 3 16 22 10 12 29 27 26 0 20 24 25 13 6
15
15 25 12 14 27 23 13 24 28 9 0 16 3 22 11
21
14 29 17 8 1 19 24 25 3 6 11 2 21 9 16 23 7 27 12 22 0
20
6 26 5 25 23 2 8 20 9 24 19 15 18 28 16 10 22 21 3 4
18
21 16 6 14 20 29 3 5 23 4 17 11 19 18 10 22 2 12
25
20 14 28 6 18 15 0 1 13 24 9 11 2 5 26 16 22 29 27 10 3 4 7 21 8
20
16 19 4 0 7 17 13 20 5 26 24 12 22 8 3 23 6 14 29 10
19
25 20 3 7 29 0 24 1 11 15 4 17 2 6 5 21 10 23 9
25
13 27 19 15 22 9 20 12 17 7 28 10 1 2 4 26 14 16 8 5 29 25 0 18 11
13
2 25 1 19 3 8 20 17 5 27 7 21 24
19
6 16 8 1 17 11 20 15 29 7 24 10 22 26 13 21 12 28 2
22
5 29 16 17 2 4 7 12 14 27 21 23 9 20 24 26 1 3 18 6 13 22
14
18 20 28 14 13 29 10 25 2 22 11 23 17 12
14
22 16 23 14 4 27 9 3 10 24 0 18 21 17
20
4 25 18 10 21 1 5 17 28 15 11 14 6 20 27 19 9 29 23 3
20
22 5 12 25 28 29 0 9 7 18 23 16 26 10 3 11 17 20 2 8
14
25 0 4 21 5 10 29 11 8 24 23 2 17 12
23
22 28 6 3 27 4 24 21 18 16 12 2 8 10 17 23 25 1 11 9 19 13 5
17
2 5 3 10 12 28 11 24 4 9 13 17 18 15 8 6 25
21
8 28 16 25 7 15 19 5 20 4 12 14 1 3 22 13 27 0 17 10 2
19
14 10 15 27 25 22 11 16 26 13 17 3 24 7 29 21 8 23 18
18
11 3 19 27 10 21 15 8 12 13 26 9 14 4 17 16 6 1
14
24 9 28 29 10 8 16 3 0 22 14 6 7 1
21
10 13 3 24 7 27 11 25 20 1 17 19 22 29 16 15 14 2 9 0 23
24
13 22 9 0 3 2 11 15 17 7 19 27 20 28 4 1 29 26 18 16 24 10 12 5
21
26 19 10 23 25 14 5 18 28 27 13 8 2 17 1 22 29 15 3 7 21
23
25 14 4 19 20 23 2 22 11 0 8 26 24 10 17 9 18 28 27 7 29 3 13
18
11 26 10 18 23 5 9 22 8 16 29 25 17 4 3 7 13 15
22
14 10 24 11 4 21 7 3 26 15 19 0 28 6 18 12 20 5 8 27 1 2
19
20 0 9 10 15 27 29 17 18 11 2 4 25 3 7 1 28 12 26
21
26 20 14 22 23 25 29 7 21 15 6 8 28 3 12 10 11 4 19 13 0
17
21 16 24 3 8 29 22 19 27 23 10 4 1 28 11 20 7
18
25 24 0 3 27 23 5 4 21 29 10 18 20 14 17 19 28 15
22
28 3 15 27 25 9 18 21 8 2 4 10 24 29 20 19 13 23 14 1 12 17
16
23 24 16 3 13 7 5 27 9 19 28 26 11 17 14 4
21
8 17 16 24 0 2 4 21 10 5 1 29 19 3 23 12 9 28 27 15 6
15
25 13 6 7 24 1 10 12 18 22 14 27 26 15 2
17
7 16 20 25 21 14 6 26 15 0 4 2 13 22 5 23 17
19
11 12 0 8 21 9 5 23 20 26 3 13 29 14 6 2 18 24 28
18
11 18 9 0 5 1 25 14 28 26 24 10 6 17 20 15 12 21
