100
57
0 8
0 29
1 20
2 14
2 23
3 28
4 17
5 4
5 6
5 18
5 20
5 24
5 29
6 28
7 19
7 23
8 1
8 5
8 15
8 17
9 8
9 19
9 27
10 7
10 18
12 1
12 11
12 16
13 1
13 5
13 18
13 22
14 5
15 4
15 24
16 13
17 4
17 24
18 13
19 5
19 8
19 11
19 25
20 0
20 10
20 18
22 4
22 12
22 24
23 2
23 7
24 11
26 2
26 4
26 16
27 7
29 15

63
0 1
0 10
0 25
0 28
1 23
2 0
2 3
2 16
2 19
2 29
4 7
4 13
4 20
4 25
5 6
5 9
5 25
6 14
6 27
7 2
7 4
8 1
8 21
8 28
10 14
10 25
11 7
12 3
12 13
12 18
12 23
13 1
14 6
14 28
15 8
15 13
15 26
16 8
17 18
18 3
19 6
19 24
19 29
20 5
20 8
20 25
21 27
21 29
22 5
23 1
23 2
23 13
23 17
24 9
24 12
24 20
25 1
26 0
26 12
26 27
28 7
28 8
28 24

62
0 2
0 5
1 18
2 8
2 12
2 19
2 25
3 12
3 16
3 21
4 20
5 1
5 29
6 24
8 9
8 21
9 7
10 18
10 23
10 25
10 28
11 8
11 14
11 16
11 18
12 22
13 4
13 7
14 5
14 7
15 0
15 10
17 8
18 6
18 10
18 11
19 2
19 3
19 29
20 0
20 6
21 3
21 19
22 3
22 6
22 12
22 17
23 4
24 5
24 10
24 14
24 18
24 21
25 24
25 29
26 8
26 11
28 11
28 16
29 2
29 6
29 28

61
0 5
0 15
1 22
1 23
1 25
2 23
2 29
3 1
3 7
3 9
3 14
3 19
3 23
4 8
4 10
4 12
4 14
5 2
5 25
6 10
6 13
8 0
8 11
8 28
9 10
12 8
12 19
12 29
13 16
13 28
14 23
15 7
16 18
16 19
16 27
17 2
17 7
17 16
17 22
17 28
18 2
18 22
18 23
19 10
19 16
20 1
21 29
22 10
22 12
22 14
24 20
24 29
25 0
25 17
27 2
27 17
27 24
28 12
28 27
29 11
29 12

56
0 19
1 23
2 6
2 19
2 23
3 25
4 5
4 16
4 25
4 27
5 15
5 17
6 4
6 7
6 10
6 13
8 16
8 18
8 24
8 25
9 6
9 16
10 0
10 5
10 16
11 5
11 24
12 8
12 19
13 15
14 22
15 6
15 10
18 15
18 17
19 5
19 14
19 20
19 24
20 5
20 26
21 0
21 24
21 28
22 16
23 2
23 17
23 22
23 26
27 1
27 13
27 16
27 26
28 4
28 19
29 27

53
0 4
1 5
1 14
1 15
1 17
1 18
1 23
2 0
3 4
3 11
4 7
4 13
4 15
4 17
5 10
5 12
5 28
6 7
6 29
7 27
8 1
10 16
10 25
11 9
11 20
12 5
12 29
13 3
13 20
14 8
14 18
16 17
17 1
17 12
17 22
19 12
20 3
20 7
21 11
21 17
21 18
22 12
22 24
24 15
24 28
25 19
26 20
26 29
27 25
28 1
28 14
28 19
29 11

69
0 17
1 22
1 29
2 15
2 16
2 22
2 29
3 12
3 14
3 25
4 1
4 2
5 1
5 7
5 12
6 4
6 8
6 10
6 27
7 0
7 10
7 15
7 19
7 28
8 4
8 5
8 19
10 22
10 23
10 28
11 2
11 5
11 6
12 0
12 22
13 2
13 6
13 23
14 15
14 26
14 28
15 18
15 22
16 1
16 7
16 15
17 13
18 8
19 28
20 19
20 23
20 28
21 7
22 16
23 21
23 27
25 0
25 1
25 9
25 10
25 17
26 19
26 21
27 16
27 26
28 5
29 1
29 13
29 27

64
0 6
1 13
1 16
1 17
1 24
2 0
2 5
3 11
3 17
4 6
4 9
4 14
5 10
5 19
7 14
8 23
9 2
9 18
10 22
11 13
11 25
12 11
12 16
13 3
13 18
13 21
14 1
14 8
15 6
15 11
15 22
16 10
16 13
16 15
16 19
16 24
16 29
17 0
18 0
18 5
19 16
19 18
20 24
20 29
21 7
21 8
21 20
22 15
22 26
23 0
23 4
23 20
24 1
24 14
24 26
25 0
25 3
25 5
26 10
27 13
27 25
28 3
28 10
29 17

64
0 3
0 20
1 0
1 7
2 4
2 9
2 13
3 5
3 18
4 12
5 8
5 19
6 14
6 20
6 24
6 25
6 26
6 27
7 24
7 26
8 0
9 6
9 8
9 14
9 25
9 29
10 29
11 3
12 21
12 24
12 28
13 6
13 17
14 2
15 4
15 27
16 6
16 19
16 20
16 28
17 0
18 4
18 12
18 26
19 7
19 24
20 3
20 4
20 27
20 28
21 12
21 18
22 21
23 12
25 5
26 2
26 11
27 7
27 9
27 18
27 19
27 23
29 15
29 19

73
0 12
0 21
0 23
2 0
2 1
2 20
4 6
4 26
5 7
5 17
5 21
5 24
6 8
6 10
6 16
6 19
6 20
6 22
6 26
7 3
8 1
8 10
8 17
8 23
8 27
9 5
9 6
9 11
9 26
10 21
10 26
11 19
12 10
12 20
12 26
12 29
13 9
13 27
14 29
15 13
15 17
15 18
15 29
16 3
16 5
16 15
16 17
17 7
17 15
17 18
18 11
18 14
18 20
19 16
19 21
20 4
20 21
22 6
23 6
23 12
24 8
25 0
25 1
25 3
25 4
25 12
27 16
28 13
28 18
28 19
28 29
29 21
29 28

50
0 7
0 12
2 6
3 8
3 9
4 16
5 15
8 3
8 9
8 28
9 22
10 21
10 25
11 9
11 26
11 27
11 28
12 1
12 10
12 14
12 28
12 29
13 10
13 28
14 17
14 23
15 1
15 16
15 24
16 9
16 29
17 20
17 21
19 9
19 16
21 9
21 16
22 25
23 9
24 19
24 25
24 29
25 27
26 7
27 3
27 14
27 22
28 2
28 7
29 26

64
0 3
0 21
1 18
1 22
1 27
2 17
3 2
3 6
3 28
4 2
4 17
4 22
5 0
6 4
7 9
7 21
8 11
8 17
9 16
9 22
9 23
10 26
11 19
11 29
12 5
12 8
12 10
12 13
13 1
13 5
13 15
14 6
15 8
15 21
16 7
16 18
17 4
17 18
18 12
18 26
18 29
19 1
19 29
20 27
21 12
22 3
22 7
22 14
22 23
23 29
24 4
24 20
25 0
25 9
26 4
26 14
26 17
27 1
28 23
28 27
29 0
29 16
29 18
29 22

60
0 2
0 3
1 23
1 29
2 11
2 22
2 27
3 20
3 23
4 5
5 10
5 13
6 8
6 12
7 3
8 1
8 10
8 28
9 19
10 3
10 4
11 1
11 18
12 2
12 13
12 15
13 0
13 3
14 2
14 22
14 25
15 21
17 5
17 6
18 25
19 0
19 4
19 9
21 0
21 5
21 12
21 16
21 23
22 8
23 16
24 16
24 19
25 4
25 26
26 10
26 14
26 15
27 7
27 11
28 4
28 12
28 29
29 6
29 11
29 23

60
0 12
0 19
1 6
2 17
2 23
2 28
3 2
4 1
4 13
4 23
5 10
6 11
6 25
7 12
7 27
8 23
9 7
9 19
10 1
10 27
11 2
11 9
13 0
13 1
13 3
13 11
13 12
14 5
15 6
16 27
17 10
17 11
17 24
19 10
19 25
20 16
20 27
21 0
21 23
22 11
22 19
22 29
23 1
23 16
23 25
23 27
24 21
25 2
25 20
26 25
27 0
27 4
27 5
28 14
28 18
28 24
28 27
29 12
29 13
29 27

65
2 4
2 5
2 7
2 11
2 21
2 27
3 1
3 2
3 12
3 14
3 25
3 27
4 5
4 14
4 26
5 8
7 6
7 23
8 4
8 14
8 21
9 25
10 4
10 26
11 0
11 27
11 28
12 28
13 29
15 1
15 6
16 11
16 13
16 20
16 23
16 25
17 3
17 22
18 9
18 22
18 28
18 29
19 9
19 17
20 5
20 18
22 1
22 8
22 26
23 1
23 11
23 25
23 27
24 12
24 16
24 17
24 27
25 3
25 10
25 16
25 26
26 15
26 22
26 29
28 27

47
0 1
0 2
0 9
1 23
4 2
4 17
6 27
7 0
7 19
8 14
9 5
9 29
10 3
10 7
10 15
11 5
11 22
11 23
11 28
12 20
13 14
13 16
14 27
16 8
16 28
17 2
17 3
17 5
18 25
19 21
19 28
20 25
21 0
21 10
23 1
23 7
23 25
24 2
24 18
25 4
26 4
26 7
26 11
26 23
27 5
27 7
28 4

51
0 15
0 23
1 23
1 26
2 14
2 25
4 12
5 11
6 4
6 10
6 15
6 23
7 2
8 3
8 23
8 26
10 3
10 15
10 16
11 2
11 20
11 23
11 28
12 10
12 14
13 11
14 15
15 4
15 21
15 24
16 14
17 0
17 4
17 28
18 1
18 2
18 6
18 10
18 22
18 27
19 9
20 1
20 23
21 10
21 15
23 4
23 16
25 13
25 21
26 4
29 18

62
0 8
1 5
1 17
2 17
2 19
3 10
4 11
4 13
4 22
5 8
5 13
5 16
6 5
6 13
7 26
8 2
8 18
8 28
9 13
10 3
10 7
10 14
11 18
12 0
12 4
12 16
13 20
13 21
13 24
14 19
14 29
15 3
15 11
15 12
16 4
16 5
16 13
16 20
17 3
18 24
19 27
20 7
20 8
20 22
21 5
21 27
22 13
22 15
23 12
24 11
24 13
24 19
25 6
25 9
25 16
25 20
25 21
26 6
26 14
27 24
28 2
28 9

55
0 4
0 18
1 16
1 29
2 7
4 9
6 1
6 10
7 12
8 4
8 11
9 4
9 8
9 27
10 5
10 7
10 20
11 4
12 0
12 2
14 16
14 18
15 4
15 7
15 20
15 21
16 8
17 22
17 23
17 27
18 17
19 2
19 7
19 8
19 13
19 14
20 0
20 6
21 3
21 14
22 27
22 28
23 27
24 14
24 26
25 17
26 22
27 4
27 11
27 14
28 3
28 8
28 25
29 23
29 27

66
0 14
1 12
1 20
2 0
2 20
2 24
3 5
4 6
4 15
4 22
4 28
5 12
5 25
5 27
6 1
6 9
7 1
7 23
7 25
8 2
8 18
9 14
9 18
10 4
10 22
10 28
10 29
11 13
12 6
12 11
13 12
15 12
15 13
15 16
15 22
15 24
16 6
16 9
16 22
16 25
18 7
18 8
19 3
20 10
20 18
20 29
21 7
22 8
22 12
22 13
22 21
23 3
23 10
24 0
24 15
25 8
25 17
25 21
26 10
26 20
27 24
28 4
28 11
28 25
29 2
29 3

59
0 8
0 27
0 29
1 21
1 27
2 22
3 0
3 2
3 7
3 26
4 0
5 17
6 9
6 28
7 19
7 25
8 18
9 16
9 17
9 29
10 12
10 16
11 6
12 5
12 24
12 27
13 27
14 0
14 7
14 16
14 29
15 0
15 18
16 9
18 3
18 4
18 15
18 21
18 22
19 17
20 4
21 6
21 9
21 17
22 25
23 22
23 27
25 2
25 15
25 28
26 3
26 6
26 15
27 1
27 7
27 12
28 12
29 11
29 15

62
1 17
1 22
2 1
2 3
2 27
3 5
3 11
3 19
3 25
4 1
4 3
5 3
5 16
6 5
6 24
7 2
8 6
8 16
8 27
9 2
9 6
9 22
10 13
11 20
11 22
12 16
13 6
13 29
14 17
14 18
15 9
16 20
16 29
17 9
17 12
17 28
18 9
18 12
18 15
18 16
18 22
20 23
20 24
21 20
21 27
21 28
22 16
22 18
23 18
24 25
25 2
25 8
26 10
26 16
26 24
27 13
28 6
28 8
29 1
29 3
29 15
29 22

69
0 1
0 12
0 21
1 4
1 25
1 28
2 16
2 22
3 7
3 16
3 21
3 26
4 14
4 22
5 18
6 27
8 10
8 22
9 5
9 15
10 21
11 2
11 15
11 22
12 6
12 8
12 14
12 22
13 8
14 22
15 1
15 17
15 21
15 25
17 19
18 21
19 12
19 25
20 15
21 10
21 15
21 25
22 5
22 8
22 16
22 25
23 3
23 6
23 14
23 20
23 21
24 8
25 6
25 29
26 1
26 8
26 10
26 13
26 18
27 3
27 6
27 16
27 22
28 1
28 4
28 11
29 10
29 19
29 21

50
0 23
1 23
3 8
3 24
3 27
4 0
4 23
5 8
5 19
5 25
6 27
7 8
7 20
8 1
8 14
8 24
9 13
10 5
10 9
11 3
12 10
12 24
13 16
14 3
14 15
16 1
16 7
16 18
16 20
16 26
17 9
18 22
20 15
20 21
21 13
21 16
21 25
22 7
22 13
22 23
23 6
23 22
23 29
25 15
25 24
27 2
27 8
27 21
28 5
28 19

73
1 18
1 29
2 13
2 20
3 7
3 26
5 12
5 14
6 17
6 20
7 5
7 29
8 2
8 7
8 9
8 12
8 18
8 20
8 25
9 1
9 7
9 15
10 12
11 1
11 12
11 22
12 0
12 14
12 20
12 26
13 6
13 10
13 26
14 5
15 10
16 12
17 11
17 18
17 26
17 27
18 5
18 9
18 16
19 13
20 7
20 13
21 19
21 20
21 27
22 9
22 18
23 15
24 5
24 8
24 11
24 12
24 13
25 9
25 11
25 22
26 0
26 9
26 13
26 21
27 2
27 6
27 8
27 17
27 24
28 3
28 4
28 20
29 11

55
1 9
1 22
2 8
2 15
2 23
3 2
3 9
3 14
3 27
4 23
4 29
5 10
5 23
6 12
6 29
7 8
8 21
9 21
10 24
10 27
12 24
13 6
13 12
14 9
14 13
15 24
16 9
16 24
18 5
19 8
19 22
20 22
21 2
21 3
21 10
21 14
21 22
21 25
23 9
23 16
23 21
23 22
24 6
24 9
24 14
24 22
25 6
25 7
27 16
27 22
28 22
29 12
29 19
29 21
29 23

62
0 2
0 5
1 0
1 5
1 18
2 8
3 16
4 12
4 15
4 27
6 8
6 14
6 24
7 1
7 23
7 27
7 29
8 1
8 14
9 11
9 12
9 15
10 5
11 0
11 10
11 15
12 8
12 13
12 24
13 20
13 21
15 6
16 14
17 12
18 6
18 19
19 15
19 22
19 25
20 8
21 19
21 24
22 7
22 18
22 23
23 29
24 13
24 14
26 4
26 25
27 2
27 4
27 11
27 22
27 23
27 25
28 7
28 20
29 17
29 20
29 24
29 28

68
0 9
0 29
1 10
1 11
1 19
2 1
2 26
4 16
4 21
5 13
5 16
6 4
6 10
7 0
7 2
7 3
7 11
7 15
7 25
7 28
8 0
8 17
8 24
9 25
9 29
10 7
10 8
10 23
11 4
11 5
11 8
12 13
12 21
13 0
13 19
14 1
14 11
14 12
14 29
15 16
16 4
17 29
18 5
18 27
19 14
19 17
20 8
20 28
21 4
21 5
21 19
21 24
22 1
22 7
23 2
23 10
23 26
24 14
24 25
25 18
26 17
27 7
27 15
27 16
27 25
29 6
29 7
29 18

68
0 13
0 14
0 22
1 3
2 15
2 25
3 4
3 5
3 8
3 12
3 26
3 28
4 1
4 17
4 26
4 29
5 25
6 1
6 12
7 8
7 13
7 24
8 14
8 23
9 16
9 29
11 10
11 15
11 16
11 19
11 20
11 28
12 16
13 29
14 19
14 20
15 20
16 9
16 11
16 28
17 6
17 23
19 3
19 5
19 23
19 29
20 5
20 26
21 17
21 28
22 5
22 12
22 28
23 21
24 19
24 28
25 14
25 28
26 7
26 11
26 25
27 4
27 22
27 23
28 18
28 22
29 25
29 28

57
0 7
0 12
0 16
0 18
0 29
1 17
2 4
2 8
3 13
5 0
5 3
5 18
5 23
5 27
6 8
6 29
7 19
8 1
8 2
8 6
8 7
8 9
8 10
9 2
9 3
10 11
10 29
11 0
11 5
12 9
13 21
14 6
14 7
15 5
15 17
15 20
15 21
15 25
15 26
16 2
16 13
16 27
17 13
18 0
18 7
19 16
19 25
20 10
20 18
21 11
22 2
22 10
26 15
26 23
27 8
28 16
29 15

50
0 1
0 16
1 11
1 21
2 7
2 21
3 7
4 14
5 6
5 9
5 18
5 19
5 26
6 1
6 29
7 12
9 26
10 14
10 22
12 4
12 19
13 0
13 16
13 22
15 12
16 2
17 3
18 2
18 3
18 5
19 9
19 26
20 15
21 1
21 23
22 2
23 1
23 3
23 11
23 15
24 4
24 22
27 18
28 6
28 12
28 27
29 5
29 8
29 11
29 27

74
0 26
1 7
1 8
1 20
1 27
2 23
2 24
2 26
3 20
4 3
4 7
6 16
6 20
6 29
7 2
7 3
7 17
7 19
7 25
7 27
8 5
8 9
8 19
9 1
9 12
9 15
9 29
10 26
10 28
11 18
11 28
12 0
12 10
13 2
13 9
13 12
14 1
14 17
14 20
15 1
15 5
15 22
16 14
16 29
17 0
17 1
17 7
19 3
19 14
20 24
20 29
21 6
21 8
21 11
21 25
22 5
22 11
23 0
23 7
23 16
23 17
23 25
24 3
24 17
24 22
25 12
25 16
25 27
26 0
26 4
26 6
27 14
28 6
29 20

53
0 6
0 11
0 18
3 9
3 15
4 2
4 9
4 16
5 7
5 15
5 19
6 16
6 23
8 3
8 7
8 16
9 4
9 5
9 6
10 4
10 12
10 13
11 18
11 25
12 1
12 20
13 4
13 17
13 19
14 11
14 17
14 22
14 27
18 6
18 14
21 2
21 19
21 26
22 11
23 10
23 13
25 3
25 5
26 8
26 11
26 22
27 1
27 3
27 7
28 3
28 29
29 4
29 24

50
0 6
0 28
2 24
3 6
3 19
4 13
4 14
4 24
5 9
7 4
7 16
7 19
7 24
7 25
8 0
8 26
9 3
9 6
9 23
10 0
10 13
11 7
13 28
14 29
15 1
15 14
15 29
16 7
17 4
18 2
18 11
18 14
18 19
18 25
19 2
19 16
21 26
22 1
22 25
23 19
23 24
24 8
24 23
26 11
26 28
27 4
28 1
28 2
28 22
28 23

73
0 17
0 28
1 17
1 28
1 29
2 7
2 14
2 24
2 29
3 2
3 23
3 27
4 6
4 24
4 25
6 0
6 5
6 25
7 19
7 26
10 16
10 17
10 21
11 7
11 13
11 15
12 6
13 19
14 2
14 3
14 18
14 23
15 8
15 19
15 22
15 29
16 0
16 5
16 26
17 9
18 12
18 16
18 29
19 18
20 1
20 3
20 9
20 19
20 22
20 27
21 18
22 11
23 2
23 3
23 15
24 1
24 17
24 21
26 0
26 2
27 1
27 7
27 12
27 28
28 12
28 14
28 16
28 25
29 0
29 5
29 7
29 23
29 25

52
0 8
1 2
1 10
2 0
2 18
3 16
4 0
4 5
4 14
5 21
8 1
9 6
10 20
11 6
11 28
12 9
12 21
13 6
13 15
13 23
13 28
14 13
15 12
15 14
15 18
16 2
16 26
17 4
17 5
17 18
17 29
18 29
19 14
19 16
20 8
21 0
22 20
22 29
23 6
23 27
24 23
24 28
25 2
26 4
26 6
27 15
27 18
27 21
27 28
28 21
29 5
29 17

62
0 21
1 2
1 5
1 6
1 9
1 12
1 17
2 7
2 28
4 5
4 8
4 21
4 22
4 27
5 17
5 29
7 6
7 14
7 16
7 17
7 21
7 23
8 12
8 26
9 12
9 21
9 28
10 13
12 21
13 21
13 24
14 7
14 26
15 2
15 23
15 28
17 14
18 6
19 1
19 12
20 19
20 21
21 4
21 5
22 12
22 18
22 29
23 17
23 20
24 6
25 5
25 6
26 22
26 28
27 2
27 15
27 22
27 26
28 1
29 7
29 8
29 21

59
0 13
0 15
1 0
2 10
3 1
3 4
3 10
3 19
4 3
4 19
4 28
5 10
6 7
7 5
7 10
7 25
7 26
9 15
11 7
11 9
11 10
11 27
12 5
14 25
15 29
16 14
16 27
17 2
17 5
17 10
17 11
17 16
17 18
17 24
18 4
18 8
18 20
18 25
19 25
20 6
20 10
21 25
22 12
22 23
23 3
23 18
23 19
23 29
24 8
24 22
25 5
25 6
26 8
26 18
26 19
27 12
28 6
28 10
29 23

48
0 3
0 5
0 21
1 8
2 0
2 7
2 19
2 27
5 2
5 7
5 8
6 14
6 24
7 14
8 18
9 10
10 23
11 25
12 2
12 7
12 29
14 10
15 11
16 5
17 18
17 27
18 10
18 28
19 10
20 11
21 19
21 28
22 2
22 7
23 3
23 15
23 25
25 9
25 23
26 14
26 20
27 16
27 24
28 12
28 14
29 10
29 16
29 25

57
0 10
0 15
1 0
1 16
1 18
1 20
3 18
3 21
3 28
4 14
4 18
5 23
5 26
7 10
7 19
8 3
8 6
8 17
9 13
10 8
10 11
10 18
10 28
11 2
11 27
12 2
12 8
12 9
12 27
13 19
15 8
15 20
17 4
17 29
18 12
18 26
19 10
19 28
20 13
20 14
20 23
22 16
22 17
22 21
22 23
23 19
24 2
25 17
26 5
26 25
26 28
27 16
27 24
28 15
29 2
29 15
29 23

67
0 8
0 16
1 14
1 15
2 15
2 27
3 18
3 19
3 24
4 0
5 4
5 8
6 24
6 28
6 29
7 13
7 16
8 11
8 15
8 19
8 23
8 24
10 7
11 14
11 21
11 24
12 0
13 12
13 21
13 26
13 27
14 1
14 17
16 5
16 12
16 25
16 28
17 3
17 14
17 28
18 15
18 29
19 10
20 6
20 14
20 17
20 28
21 16
22 26
22 28
23 8
24 5
25 2
25 21
25 27
25 29
26 6
26 28
26 29
27 6
27 9
27 24
28 26
28 27
29 5
29 18
29 20

47
1 3
2 28
4 28
5 12
7 6
7 8
7 15
8 10
9 14
10 22
11 21
12 10
13 4
13 6
13 17
13 21
13 26
14 0
14 16
15 24
17 19
17 27
18 2
18 8
18 13
18 21
19 7
19 10
19 16
19 29
20 2
21 20
22 19
23 14
24 18
24 21
26 5
26 13
26 20
26 29
27 5
27 11
27 12
27 13
27 19
29 12
29 17

53
0 11
0 13
0 26
1 2
1 5
1 23
2 14
2 20
2 25
3 8
4 2
4 3
5 9
5 21
5 28
6 1
6 11
6 12
6 18
6 29
7 5
10 14
10 16
10 25
11 9
11 28
12 15
12 17
12 22
12 25
13 2
14 4
14 19
15 1
15 21
15 27
16 26
17 7
17 24
17 29
18 13
19 7
19 18
20 2
20 6
21 1
22 20
22 28
23 11
23 15
23 25
25 0
26 12

52
0 13
0 14
1 3
3 28
4 3
4 23
6 4
6 21
6 29
8 2
8 5
8 19
8 23
10 4
11 17
11 21
11 25
12 18
12 27
13 2
13 26
15 13
16 3
16 7
16 11
16 27
17 2
17 19
18 12
18 26
19 5
19 15
19 17
20 11
21 18
21 19
22 23
22 29
23 12
24 4
24 19
24 21
24 28
25 7
25 9
25 28
26 1
26 4
26 29
28 1
29 24
29 26

59
0 18
0 23
2 28
3 7
3 11
3 17
4 6
4 8
4 9
4 13
4 21
4 27
5 22
5 26
6 5
9 8
9 12
9 26
10 14
10 15
10 19
10 24
10 27
11 27
12 19
13 12
14 2
14 20
15 1
15 28
16 20
16 22
16 27
17 7
17 14
17 23
18 1
18 6
18 19
19 6
19 18
19 22
20 11
20 28
21 20
22 5
23 4
23 15
23 16
24 8
26 22
26 23
28 20
28 29
29 1
29 5
29 20
29 23
29 27

75
0 8
0 18
1 18
1 22
1 28
1 29
2 4
2 6
2 10
2 19
4 5
4 14
5 21
5 22
6 1
6 14
7 21
8 10
8 17
8 20
8 22
9 8
9 12
9 25
10 12
10 14
10 15
10 22
10 26
11 7
12 21
12 26
13 5
13 27
14 20
14 21
15 2
15 6
15 17
15 18
15 23
16 22
16 25
17 1
17 25
18 3
18 5
18 6
18 7
18 9
18 10
18 22
18 24
19 5
20 8
20 12
20 29
21 7
21 13
23 6
23 11
23 28
24 9
25 8
25 13
25 29
26 0
26 7
26 17
26 28
27 6
27 14
27 29
29 18
29 25

59
1 17
2 7
2 9
2 12
2 21
3 5
4 1
4 6
4 27
5 15
5 28
6 1
6 19
7 0
7 13
9 0
9 2
9 21
10 13
10 24
10 25
10 27
11 16
12 4
12 6
12 25
13 10
14 15
14 19
14 26
15 5
15 6
15 21
17 0
18 13
19 10
20 16
21 5
21 14
21 24
21 25
21 28
22 11
22 18
23 7
23 24
25 15
26 7
26 13
26 22
26 25
27 7
27 10
28 0
28 1
28 8
29 2
29 11
29 22

52
0 11
1 8
1 11
1 26
2 3
2 22
2 25
2 27
3 5
4 0
4 9
5 7
6 13
6 25
7 9
8 5
8 17
8 26
8 28
9 11
9 15
9 29
10 5
11 12
12 0
12 10
12 27
13 2
13 17
13 27
14 10
14 20
15 10
15 14
16 7
19 4
19 9
20 2
20 11
20 12
20 29
22 0
23 29
24 26
24 28
25 6
25 27
26 11
26 14
28 2
29 10
29 18

62
1 11
1 15
1 19
3 16
3 22
3 24
4 14
4 19
4 22
5 28
6 2
6 13
6 20
6 21
7 11
7 14
7 28
9 13
9 19
9 27
9 29
10 23
11 5
11 10
11 17
11 24
11 28
12 15
12 22
12 28
12 29
13 11
13 26
15 17
16 15
16 23
16 24
17 0
17 2
17 9
17 13
17 22
18 1
18 23
18 27
19 9
19 17
19 27
20 28
21 3
21 17
22 4
22 19
23 4
23 16
23 22
24 8
26 15
27 15
29 0
29 8
29 27

57
0 18
1 4
1 6
1 17
2 29
3 9
3 14
3 16
3 17
5 21
6 20
7 14
8 2
8 17
9 12
9 14
9 18
10 4
10 5
11 29
12 10
12 29
13 4
13 21
14 23
14 26
15 14
15 21
16 5
16 15
16 29
17 6
18 5
18 8
18 10
18 27
19 6
19 7
19 11
19 15
19 17
19 29
20 12
21 7
23 25
24 1
24 12
24 18
25 20
26 5
27 1
27 8
28 0
28 18
28 23
28 25
29 22

52
1 8
1 9
1 18
1 28
2 17
3 15
4 26
5 21
6 7
6 10
6 14
7 4
7 16
8 4
8 12
9 6
9 15
10 12
10 24
11 24
12 7
13 3
14 0
15 9
15 11
15 17
15 22
15 29
16 7
16 21
17 3
17 22
20 1
20 15
21 1
21 15
21 16
23 10
23 16
23 22
25 8
25 11
25 17
26 10
26 12
27 8
27 12
28 0
28 2
28 16
29 4
29 8

56
0 20
1 20
2 12
2 16
2 22
4 27
4 28
5 19
6 23
7 0
8 7
8 9
9 26
9 28
10 7
10 17
10 27
11 8
11 24
12 11
12 25
13 1
13 3
13 16
13 21
14 21
15 6
15 9
15 22
15 28
16 1
16 2
16 11
16 12
16 14
18 7
19 8
19 11
19 29
21 12
22 8
22 21
23 15
23 16
24 14
24 21
25 9
25 13
25 17
26 9
26 24
27 13
28 13
28 19
28 23
28 24

51
0 24
1 17
2 1
2 4
2 6
2 19
3 1
3 4
5 0
5 2
5 13
5 27
6 13
6 14
6 19
11 13
11 17
12 15
13 2
14 19
14 27
15 24
17 3
17 11
18 26
19 3
19 17
20 0
20 28
22 3
22 4
22 13
24 7
24 11
24 14
24 19
24 27
25 10
25 15
25 19
26 25
26 27
26 29
27 4
28 19
28 20
29 12
29 15
29 17
29 20
29 28

69
0 12
1 11
2 1
2 4
2 8
3 23
3 29
4 8
4 19
4 21
4 29
6 1
6 7
6 16
6 24
7 2
7 11
8 6
9 10
9 14
9 15
12 4
12 15
12 22
12 24
13 3
13 17
14 15
14 19
14 28
14 29
15 6
15 11
15 20
15 21
15 22
15 26
16 5
16 22
17 5
17 14
17 21
18 5
18 8
19 10
20 3
20 15
20 25
21 24
22 2
22 7
22 28
23 11
23 14
24 11
24 22
24 23
25 8
25 24
26 0
26 23
27 0
27 8
27 14
27 19
28 3
28 26
29 4
29 28

75
0 6
0 7
0 9
0 16
1 19
1 22
2 11
2 13
4 2
4 6
4 10
4 11
4 20
4 23
5 1
5 16
5 19
7 11
7 17
7 25
8 7
8 17
9 10
9 18
9 26
10 15
10 23
10 27
10 28
10 29
11 10
11 13
11 18
11 23
12 10
12 23
13 7
13 10
13 19
14 6
14 15
14 22
15 1
15 26
16 6
16 10
17 8
17 15
17 23
17 27
17 28
18 2
18 22
19 7
19 26
20 16
21 1
21 12
22 5
22 13
22 25
23 27
24 13
24 15
25 23
25 27
25 28
26 7
26 20
26 27
27 4
27 10
28 1
28 7
28 26

65
0 6
0 22
1 21
2 1
2 5
2 14
2 24
3 6
3 9
3 22
4 9
4 13
4 19
4 29
5 7
5 9
5 15
5 28
6 10
6 24
7 21
8 17
8 27
10 11
10 18
11 12
11 15
11 23
12 14
13 5
13 21
13 24
13 29
14 3
14 20
15 7
15 13
15 24
16 3
16 5
16 11
16 28
17 13
18 5
18 14
18 21
19 0
19 6
19 9
21 26
22 1
22 4
22 10
24 26
25 27
26 1
27 3
27 11
27 13
27 16
27 17
28 1
28 10
29 19
29 21

71
0 2
0 6
0 22
0 26
0 29
1 9
1 13
2 5
2 21
2 26
2 29
3 19
4 1
4 20
5 1
5 10
6 3
6 11
6 13
6 18
7 3
7 20
7 28
8 6
8 7
8 10
9 0
9 3
9 7
10 4
10 18
11 9
11 17
11 23
11 26
12 1
12 7
12 20
14 5
14 13
14 17
15 16
16 18
16 23
16 27
17 28
18 2
18 4
18 6
18 24
19 0
19 24
20 17
20 24
21 20
23 6
23 17
24 0
24 21
24 26
25 23
25 24
25 27
26 0
26 5
26 17
26 24
28 24
28 27
29 13
29 19

72
0 13
0 21
2 19
2 26
3 15
3 25
4 10
5 24
6 4
6 9
6 13
6 15
6 28
7 0
7 5
7 8
7 20
7 22
8 4
8 23
9 0
9 24
10 4
10 5
10 23
11 7
11 25
11 26
12 20
13 0
13 3
13 20
13 24
13 25
14 5
15 1
15 8
15 13
15 17
15 25
15 29
16 3
16 9
16 10
16 12
17 15
17 21
17 28
18 0
18 1
18 3
18 21
19 23
20 13
20 14
20 16
20 25
21 2
22 4
22 13
22 23
23 22
24 18
24 20
25 14
26 13
27 0
27 13
27 19
28 6
29 5
29 17

57
0 28
1 22
1 24
2 7
2 24
4 11
4 23
5 0
5 1
5 4
5 6
5 15
5 17
6 1
6 11
6 19
6 21
6 22
8 17
9 5
9 15
9 22
9 26
10 4
10 6
10 19
11 1
13 8
13 10
14 0
14 8
16 12
16 29
19 1
19 3
19 8
19 25
20 10
20 19
21 18
21 27
22 18
24 3
24 15
24 19
25 8
25 10
25 16
27 3
27 5
27 10
27 17
28 4
28 12
28 16
28 26
29 27

56
0 27
0 29
1 3
1 7
1 25
3 2
3 4
3 18
3 23
4 1
4 23
5 1
5 4
6 8
6 19
6 26
7 0
7 27
7 28
8 25
8 26
9 10
9 26
10 0
10 24
11 8
11 22
11 27
12 29
13 23
16 12
17 3
17 28
18 2
18 4
18 28
19 12
20 9
20 14
20 15
20 26
22 25
23 10
23 20
25 1
25 4
25 9
25 10
26 21
27 15
27 20
28 1
28 12
28 27
29 6
29 12

81
0 10
0 11
0 20
0 21
1 11
1 23
2 6
2 11
2 16
3 16
3 25
4 2
4 26
5 0
5 10
5 12
5 17
7 11
7 18
9 6
9 21
9 24
10 12
10 18
10 21
12 9
12 13
12 22
12 26
12 29
13 6
13 11
14 1
14 10
14 23
14 28
15 14
15 18
16 0
16 7
16 22
17 4
17 6
17 9
17 11
17 25
18 9
18 11
19 0
19 3
19 10
19 16
20 3
20 15
20 24
21 5
21 11
21 15
21 25
22 9
22 10
22 19
23 10
24 9
24 25
25 12
25 13
26 0
26 3
26 6
26 17
27 0
27 6
27 26
28 12
28 19
28 21
29 11
29 14
29 27
29 28

51
0 16
1 14
1 24
3 18
3 22
4 2
5 24
5 26
6 2
6 11
6 27
7 0
7 5
7 22
8 12
9 0
9 24
10 16
12 14
13 0
13 2
13 17
13 24
13 27
14 22
14 27
15 23
15 25
16 3
17 27
19 28
21 11
21 12
21 26
22 11
23 8
23 13
23 20
24 28
25 12
26 8
26 10
26 19
26 23
27 4
27 22
27 23
28 0
28 9
28 13
28 26

68
0 3
1 0
1 19
2 11
2 21
2 24
3 6
3 22
3 28
4 26
5 17
6 2
6 11
6 15
7 8
7 27
7 28
8 1
9 16
9 24
10 3
10 16
10 21
11 2
12 2
12 8
12 16
12 22
13 4
14 1
14 17
14 29
16 1
16 10
16 23
17 5
17 8
17 22
18 22
19 1
19 24
20 14
21 9
21 27
22 0
22 12
22 16
22 18
22 23
23 1
23 7
23 15
23 17
23 21
24 14
24 25
25 3
25 8
26 24
26 27
27 5
27 12
27 29
28 1
28 15
29 1
29 6
29 17

55
0 25
1 17
2 8
3 4
3 10
5 25
6 9
6 11
6 26
7 5
7 10
8 6
8 20
8 29
9 7
9 8
9 24
10 13
10 22
11 0
11 1
11 19
12 3
12 14
14 11
14 22
15 13
15 18
15 23
16 10
16 11
18 4
18 16
18 17
18 28
19 15
19 21
20 0
20 3
20 7
20 9
21 3
21 27
22 21
23 2
24 3
24 19
24 22
25 5
25 23
26 5
26 6
28 16
28 19
29 17

61
0 2
2 12
3 5
3 12
4 17
4 22
5 19
5 22
5 23
5 25
6 14
7 11
7 24
7 26
7 27
8 16
8 18
8 22
9 2
9 19
10 22
11 12
11 19
11 24
11 26
13 5
13 26
14 3
14 20
15 23
15 26
16 6
16 20
16 22
16 29
17 11
17 18
18 10
19 9
19 18
19 26
20 3
20 29
21 0
21 6
21 7
21 12
21 16
22 2
23 3
23 4
24 12
26 1
26 2
26 14
26 25
28 26
29 3
29 9
29 21
29 28

69
0 1
0 27
0 28
1 13
1 21
2 5
2 21
3 4
3 23
4 7
4 16
5 2
5 26
6 13
6 18
7 6
7 21
7 24
8 6
9 11
9 21
10 3
10 13
10 15
11 2
12 15
13 17
13 24
14 28
15 0
15 19
15 22
16 10
16 22
16 24
16 29
17 29
18 9
18 15
19 3
19 20
20 14
20 24
20 27
21 8
21 19
21 20
22 15
22 16
22 29
23 3
23 10
23 25
24 9
24 11
25 9
25 29
26 5
26 10
26 15
26 16
27 10
27 12
28 6
29 12
29 16
29 21
29 22
29 27

62
0 7
0 25
0 29
2 14
2 23
3 7
3 23
4 0
4 23
4 29
5 25
5 26
6 5
6 14
7 4
7 17
8 3
8 13
9 26
11 3
11 17
12 4
12 17
12 19
12 22
13 20
14 3
14 20
14 29
15 4
15 14
16 19
17 13
18 11
18 29
19 4
20 5
20 9
21 5
22 8
22 20
22 21
22 24
23 6
23 9
23 12
23 25
24 12
24 19
24 20
25 21
25 22
26 19
26 24
27 21
27 29
28 5
28 8
28 14
28 27
29 10
29 26

57
0 9
0 24
1 11
2 6
2 21
2 27
3 7
3 19
3 28
4 6
4 11
4 17
4 19
4 28
5 0
5 9
5 21
6 5
7 9
7 29
8 6
8 11
9 23
10 7
10 23
10 25
11 10
11 15
12 25
15 2
15 4
15 14
16 10
16 13
17 2
17 6
18 0
18 11
19 23
20 3
21 6
21 10
22 4
22 21
23 9
24 1
24 16
24 21
25 20
25 28
26 18
27 13
27 19
28 5
28 14
29 0
29 14

76
0 7
0 18
1 2
1 4
1 11
2 4
2 5
2 20
3 5
4 10
4 16
4 26
5 8
5 12
5 19
5 28
5 29
6 0
6 17
7 28
8 5
8 29
9 20
9 21
10 1
10 4
11 0
11 12
11 15
11 27
12 17
13 10
13 19
13 23
13 27
14 16
15 7
15 18
15 22
15 23
16 8
16 17
17 7
18 11
19 7
19 11
19 15
19 17
20 12
21 3
21 8
22 8
22 9
22 12
22 24
23 16
24 2
25 0
25 12
25 15
25 18
25 26
26 14
26 28
27 11
27 13
27 19
27 29
28 8
28 9
28 10
29 1
29 7
29 8
29 10
29 25

59
0 20
0 23
0 28
1 4
1 19
2 7
2 19
2 25
2 28
3 8
3 28
4 16
5 15
5 20
5 27
5 28
6 1
7 21
7 28
8 20
9 18
9 20
9 23
9 28
10 8
11 28
12 2
12 17
12 21
13 2
13 21
14 15
14 26
15 2
15 5
15 17
16 6
16 8
17 0
17 5
18 2
18 4
18 20
19 3
19 21
20 1
20 17
20 23
21 24
23 16
25 1
25 10
26 9
26 19
27 7
27 17
27 25
28 20
29 1

62
0 20
1 10
1 17
3 10
4 9
4 14
4 24
4 25
5 17
5 19
6 16
6 21
7 18
7 24
8 1
9 12
10 9
10 22
11 1
11 20
12 9
12 18
12 19
12 28
13 21
13 27
14 5
14 19
14 21
14 29
15 2
15 5
15 7
15 23
15 29
16 8
17 11
20 0
20 2
20 5
20 7
20 15
20 22
21 12
21 18
22 26
23 27
24 9
24 10
25 1
26 6
26 13
26 19
26 23
27 0
27 11
27 16
28 1
28 2
29 7
29 16
29 20

71
0 11
0 21
1 3
1 13
1 15
2 4
2 11
3 2
3 6
3 18
3 19
4 7
4 20
4 23
4 28
5 24
5 29
6 13
7 12
7 21
7 25
8 7
8 9
8 18
9 20
9 22
9 26
10 2
10 19
11 0
12 1
12 6
12 14
13 17
13 22
14 27
15 6
15 25
15 29
16 8
16 10
16 17
17 2
17 5
18 3
18 6
18 14
18 20
18 25
20 0
20 3
20 24
20 29
21 15
21 23
22 17
23 9
23 13
24 18
24 21
24 26
24 28
25 29
26 1
26 25
27 3
27 12
27 17
27 21
29 16
29 26

58
1 14
1 15
1 19
1 27
1 28
2 22
2 29
3 2
3 7
3 16
4 11
5 6
5 19
8 19
8 28
9 0
9 6
9 7
9 24
10 17
10 25
10 27
11 5
11 12
11 23
11 24
13 9
13 29
14 13
14 26
17 12
18 1
18 20
18 28
20 11
20 19
20 28
21 1
21 9
21 14
21 23
21 24
22 6
22 11
22 15
23 0
23 17
25 2
25 27
26 2
26 8
26 11
26 22
27 5
28 3
28 12
28 14
29 10

55
0 18
0 23
1 0
1 3
1 17
1 25
1 27
2 12
3 10
3 16
3 21
4 8
4 21
4 25
4 27
5 17
5 18
5 25
6 19
7 4
8 7
8 28
9 3
9 27
10 24
11 7
11 13
12 11
12 22
12 25
12 29
14 4
15 9
15 11
15 12
15 27
16 22
16 23
18 14
18 21
19 14
20 13
20 18
21 17
22 16
22 18
23 14
23 17
24 0
24 14
24 26
25 28
27 5
27 9
29 16

68
1 5
1 20
3 14
4 24
4 25
5 17
6 7
6 20
7 1
8 3
8 14
9 29
10 8
10 13
10 20
10 21
10 23
11 5
11 14
11 21
11 26
12 5
12 11
12 19
12 26
12 28
13 2
13 18
13 28
14 6
15 7
15 11
15 28
17 0
17 5
17 16
17 23
17 27
17 28
18 10
18 24
19 9
19 24
20 9
20 16
20 26
20 27
20 28
21 1
21 5
21 23
22 3
22 18
23 3
23 5
23 7
24 26
25 18
25 24
26 20
26 21
27 6
27 19
27 20
28 0
28 15
28 23
29 23

75
0 8
0 9
0 15
0 17
0 25
0 29
2 8
3 8
3 9
3 11
3 12
3 21
3 24
4 26
5 2
5 12
6 26
7 5
7 9
7 18
8 2
9 7
9 18
10 3
10 12
11 17
12 4
12 18
12 25
13 7
14 4
14 6
14 9
14 24
14 26
15 22
16 21
16 26
16 27
17 20
18 7
18 15
18 20
18 23
19 0
19 7
19 8
19 9
19 22
19 26
20 2
20 16
20 17
21 8
22 5
22 12
22 18
23 16
24 7
24 27
25 3
25 10
25 28
26 10
27 1
27 7
28 1
28 10
28 13
28 16
28 29
29 0
29 9
29 21
29 27

48
0 4
0 11
0 17
0 19
0 26
1 7
2 17
4 8
4 21
5 10
5 15
6 11
6 17
6 18
7 16
8 15
8 24
10 29
11 8
11 13
13 24
13 26
14 21
14 29
16 7
17 12
19 1
19 10
19 23
19 29
20 6
20 11
21 5
21 9
21 15
21 16
22 13
23 2
23 15
24 23
25 0
25 3
25 6
25 14
25 24
26 23
29 10
29 11

62
0 16
0 17
1 5
1 11
1 23
2 4
2 8
3 1
3 19
3 27
4 24
6 3
6 16
7 11
7 22
8 10
8 24
8 28
9 19
10 17
11 9
11 23
12 2
13 5
14 11
15 11
15 18
16 12
17 9
17 11
17 23
18 5
18 16
18 19
19 13
20 7
20 14
20 28
21 18
21 26
22 15
22 28
23 5
23 25
23 26
24 0
24 13
24 17
24 21
24 22
24 29
25 1
25 2
25 19
26 21
27 4
27 6
27 22
27 23
28 6
28 14
29 11

60
0 19
0 28
1 3
1 23
2 0
2 5
2 18
3 4
3 6
3 9
3 10
3 27
4 9
4 25
5 3
5 14
5 23
6 25
7 16
7 24
8 5
8 6
8 15
8 16
9 13
10 12
10 23
11 24
11 28
12 26
12 28
13 12
13 17
13 27
14 19
15 8
15 16
16 2
17 18
18 5
18 15
18 17
19 13
21 3
21 5
22 11
23 14
24 4
26 4
26 7
26 25
26 27
27 13
28 5
28 8
28 11
29 4
29 14
29 22
29 26

70
0 10
0 17
0 21
1 3
1 5
2 25
3 0
3 22
3 23
4 5
4 11
4 12
4 27
5 7
5 15
5 16
5 20
5 26
6 24
6 29
7 15
7 19
7 23
8 25
8 28
9 13
9 22
9 26
10 2
10 25
12 14
12 17
12 19
12 21
13 27
13 28
14 1
14 2
14 12
14 28
15 5
15 12
15 19
16 5
16 25
17 10
19 5
19 11
20 4
20 23
21 3
22 13
22 29
23 1
23 18
24 16
25 7
25 8
25 10
25 12
25 19
26 13
26 15
26 17
27 0
27 18
28 12
28 16
28 23
29 11

52
0 27
0 28
1 29
3 9
3 21
3 24
4 8
4 18
5 0
7 4
7 29
8 7
8 23
9 5
9 16
10 1
10 8
10 15
11 8
11 16
12 3
13 11
13 17
13 21
13 22
13 28
14 10
14 16
14 27
15 27
16 26
17 1
17 3
17 11
17 26
19 12
19 20
20 8
20 13
21 8
22 2
22 8
22 11
23 18
24 7
25 22
26 8
26 13
26 21
27 25
28 6
29 21

59
0 2
0 16
0 28
2 23
3 8
3 19
4 17
4 27
5 20
5 25
6 1
7 3
7 4
7 28
8 12
9 10
9 12
9 14
10 20
10 21
11 3
11 15
11 16
11 23
12 2
12 13
13 19
13 21
13 26
14 4
14 11
15 8
16 6
17 13
17 15
17 16
17 23
17 24
18 26
19 27
21 1
21 12
21 15
21 16
21 23
22 23
22 26
22 27
23 6
25 17
25 29
26 0
26 9
26 11
26 19
27 2
27 10
29 5
29 16

66
0 18
0 22
2 22
2 29
3 0
3 16
3 21
3 22
5 10
6 7
6 28
7 1
7 20
8 5
8 16
8 25
9 28
10 5
10 8
10 9
10 13
10 24
10 26
11 0
11 7
11 20
12 24
13 10
13 19
14 6
14 26
15 20
15 26
15 29
16 3
16 4
16 6
17 22
17 23
19 15
21 9
21 16
21 26
22 14
23 1
23 11
23 28
24 5
24 7
24 9
24 15
24 20
24 29
25 6
25 22
26 28
27 5
27 10
27 15
28 21
28 26
28 29
29 10
29 20
29 25
29 28

69
0 7
0 23
1 0
1 3
1 6
1 17
2 9
3 18
3 24
4 6
4 14
4 15
4 19
5 19
6 14
7 16
7 26
7 27
8 21
9 0
10 4
10 13
10 25
11 17
11 25
11 26
12 10
12 11
12 20
12 24
13 3
14 2
14 3
14 15
14 21
14 28
15 14
16 15
17 3
17 19
19 8
19 22
20 1
20 19
20 21
21 8
22 15
22 25
22 27
22 29
23 9
23 10
23 13
24 7
24 18
25 16
25 18
25 20
26 5
26 15
26 21
27 11
27 13
28 9
28 10
28 21
28 25
29 16
29 26

64
0 3
0 15
1 11
1 29
2 11
3 1
3 2
3 12
4 1
5 10
7 0
7 19
7 27
7 28
8 2
8 11
9 0
10 12
10 15
10 18
11 8
11 15
11 26
12 4
12 5
12 25
13 1
13 18
13 22
13 25
14 6
15 12
15 17
16 6
16 13
16 17
16 22
16 24
17 7
18 10
18 16
19 8
19 15
19 22
19 27
20 28
21 0
22 3
22 9
22 11
23 24
24 10
24 22
25 29
26 11
26 18
27 20
28 4
28 9
28 13
28 19
28 27
29 0
29 26

72
1 22
2 17
2 21
2 27
3 7
3 19
4 5
4 10
4 14
4 26
5 4
5 13
5 18
6 22
7 19
7 21
7 22
7 26
8 2
9 24
10 7
10 23
11 6
11 10
11 15
11 19
11 25
11 28
12 14
13 8
13 14
13 26
14 5
14 8
14 12
14 29
15 1
15 3
15 27
16 22
17 1
18 16
18 22
18 28
19 9
19 10
19 16
19 25
20 16
21 25
22 4
22 6
22 20
22 29
23 17
23 25
24 19
25 1
25 6
25 14
26 6
26 7
26 19
26 29
27 1
27 13
27 18
28 23
28 27
29 1
29 15
29 20

73
0 8
0 9
1 11
1 17
2 20
2 22
3 13
3 14
3 26
4 11
4 19
4 20
4 29
5 14
5 20
6 2
7 5
7 19
7 29
8 0
8 22
8 23
8 25
8 26
9 18
10 17
11 0
11 7
11 8
11 13
12 5
12 8
12 20
12 24
14 4
14 19
15 4
16 20
17 9
17 26
18 3
18 5
18 21
18 28
19 0
19 6
19 20
20 23
21 3
22 7
22 11
22 18
22 23
23 2
23 17
23 18
24 10
24 14
25 9
25 14
26 15
26 19
26 24
27 7
27 24
28 1
28 5
28 8
28 27
29 3
29 5
29 23
29 24

65
0 11
0 15
0 18
0 29
1 9
1 12
1 16
2 5
2 13
3 7
3 12
4 3
4 15
5 4
5 9
5 17
5 20
6 18
6 20
6 27
7 13
8 16
9 8
9 22
10 4
10 15
10 18
11 5
11 23
11 26
12 11
12 21
13 3
13 10
13 15
14 21
16 5
16 29
17 4
18 15
18 23
19 1
19 3
19 8
21 9
22 8
22 20
22 23
22 27
23 5
23 8
23 27
24 12
24 19
25 3
25 15
25 17
26 10
28 10
28 19
28 22
29 13
29 15
29 16
29 25

67
0 2
0 3
0 14
0 28
0 29
1 2
2 1
2 11
3 1
3 2
3 26
4 0
4 3
4 11
4 14
4 21
5 8
5 21
6 18
7 3
7 4
7 13
7 26
8 10
8 27
8 28
9 13
9 25
10 24
11 4
12 7
12 13
12 20
14 10
14 21
14 29
15 7
15 13
15 19
16 13
16 22
16 25
17 7
17 13
17 23
18 12
18 22
18 27
19 0
19 9
19 11
20 5
21 6
21 7
21 13
23 28
24 11
25 27
26 15
27 1
27 4
27 9
27 15
28 6
28 11
28 25
29 14

65
0 1
0 9
0 10
0 18
0 20
1 14
1 23
1 25
1 28
2 4
2 29
3 1
3 7
3 15
3 24
3 25
3 28
4 10
4 17
4 25
5 1
5 9
5 25
5 27
5 28
6 9
7 1
8 11
8 17
8 18
9 10
9 18
10 3
10 6
10 15
11 2
12 21
12 23
12 26
13 3
14 21
15 16
15 27
16 20
17 18
18 0
18 11
18 16
19 8
19 20
19 21
20 0
20 7
20 24
21 18
22 26
23 10
24 16
25 3
27 2
27 29
28 2
28 12
28 26
29 17

78
0 12
0 28
1 9
1 23
2 5
2 23
3 10
3 12
4 0
4 10
4 19
5 4
6 8
6 28
7 2
7 11
7 21
7 24
8 4
8 28
9 12
9 20
9 23
9 27
10 6
10 11
10 14
11 4
11 27
12 8
12 10
13 0
13 20
13 28
14 4
14 15
14 22
15 2
15 6
15 16
15 28
17 14
17 29
19 4
19 13
19 14
19 18
19 23
20 11
20 14
21 10
21 13
21 15
21 16
22 11
22 23
22 28
23 2
23 12
23 24
23 25
24 10
24 14
24 18
24 28
25 3
25 14
25 29
26 4
26 9
26 20
27 22
27 24
28 3
29 3
29 7
29 13
29 26

67
0 24
0 27
1 17
1 19
1 28
3 8
3 28
3 29
4 1
4 7
4 15
4 23
4 27
5 11
5 29
6 14
6 18
6 21
8 9
8 23
8 29
9 16
10 4
10 12
10 14
10 16
11 20
12 8
12 14
13 10
13 16
13 22
16 6
16 24
16 27
17 27
19 12
19 23
19 27
20 7
20 14
21 12
21 16
21 20
22 3
22 11
22 12
22 15
22 19
22 20
23 4
23 10
24 3
24 23
25 11
25 12
25 22
26 20
26 22
27 23
28 6
28 9
28 10
28 11
28 15
29 22
29 24

63
0 3
0 6
2 1
3 5
3 9
3 27
4 1
4 7
4 10
4 21
5 1
5 4
5 29
7 3
7 27
8 11
8 12
8 27
9 1
9 3
9 28
10 0
10 5
10 18
10 29
13 6
14 17
16 4
16 7
16 23
16 26
17 12
17 19
18 8
18 20
19 4
19 11
19 18
19 20
19 22
19 28
20 10
20 14
20 21
20 25
21 5
21 22
21 29
23 5
23 17
24 0
24 25
25 5
25 13
25 15
25 24
26 1
26 4
26 22
27 23
28 15
29 10
29 12

73
0 25
1 12
2 4
2 5
2 6
3 12
3 15
3 21
4 10
5 1
5 10
5 14
7 6
8 2
8 5
8 27
9 18
9 28
10 5
10 15
10 21
10 24
10 28
11 29
12 17
13 10
13 23
13 24
14 1
14 13
14 21
15 9
15 27
16 0
16 4
17 15
18 11
18 15
18 17
18 21
18 24
19 13
20 3
20 13
20 17
20 19
21 4
21 8
22 2
22 23
23 6
23 13
23 14
23 18
24 1
24 3
24 6
24 7
24 29
25 9
25 12
26 11
26 13
26 21
27 6
27 25
28 3
28 10
28 12
28 23
28 25
28 29
29 20

61
1 7
3 2
3 13
3 20
3 29
5 22
5 27
5 28
6 7
6 15
6 28
7 5
8 11
8 14
8 28
9 19
10 1
10 3
10 29
11 14
11 17
11 22
11 23
12 14
13 7
13 21
13 22
13 27
14 4
14 22
16 3
16 13
16 15
17 14
17 15
18 6
18 17
19 21
19 25
19 28
21 23
23 5
23 12
23 16
23 24
24 12
24 16
24 29
25 1
25 16
25 19
25 20
25 22
26 11
26 15
26 27
27 9
28 17
28 25
28 26
29 4

61
0 2
0 5
1 5
1 8
1 29
2 4
2 21
3 23
4 21
5 1
7 22
8 17
8 18
8 21
9 21
9 28
10 4
10 5
10 9
10 12
10 15
10 18
11 3
11 19
12 9
12 29
13 21
15 1
15 6
15 25
16 18
16 24
16 26
16 27
17 16
19 3
19 6
19 9
21 0
21 2
21 10
22 29
23 12
23 19
24 0
24 5
24 29
26 3
26 9
26 12
26 17
26 27
27 10
27 15
28 8
28 27
29 6
29 8
29 9
29 19
29 25

57
0 7
0 20
0 29
1 5
1 10
2 27
3 7
4 7
4 26
5 7
6 7
7 5
7 6
7 24
8 15
8 23
9 0
10 12
10 15
11 0
11 2
11 6
12 18
12 25
13 3
13 5
13 6
14 17
14 27
14 28
15 2
15 17
16 24
17 7
18 4
18 5
18 20
18 22
21 12
21 15
21 27
22 10
22 14
22 15
22 20
23 17
24 1
25 6
25 13
25 21
26 2
26 13
26 15
27 2
27 13
27 26
29 24

57
0 4
1 3
1 7
1 16
2 7
2 13
2 19
4 2
5 4
5 13
5 23
6 20
6 26
7 16
7 19
8 4
8 21
9 25
10 2
10 15
11 15
11 17
13 9
13 22
13 25
14 0
14 6
14 19
14 22
15 0
15 10
16 20
17 5
18 26
19 27
19 28
20 25
21 8
21 9
21 12
21 14
21 24
22 5
23 17
23 22
24 1
24 3
24 8
24 21
24 27
25 13
25 21
25 28
26 15
28 4
29 7
29 23

61
0 2
0 8
0 20
0 21
0 26
2 18
3 8
3 13
4 16
5 19
5 23
6 2
7 9
7 13
8 15
8 21
9 0
9 1
9 5
9 28
10 26
11 12
11 29
12 0
13 6
13 29
14 6
14 21
14 27
15 7
15 11
16 15
16 17
16 21
17 2
17 9
18 8
18 24
19 2
19 21
19 29
20 7
20 11
20 26
20 27
21 9
21 13
21 25
21 27
22 4
22 8
23 20
24 28
25 0
25 3
25 6
26 3
26 29
28 21
29 14
29 18

66
0 5
1 11
1 25
2 21
3 25
3 28
4 5
4 7
4 22
4 26
5 1
5 2
6 14
6 15
6 17
6 22
6 25
6 29
8 12
8 14
9 0
9 12
9 16
9 19
10 0
10 6
11 2
11 10
11 12
11 16
11 18
12 1
12 21
13 26
13 29
14 0
14 8
14 20
14 23
14 28
15 7
15 12
16 7
16 9
16 14
17 20
17 22
17 28
18 9
18 14
18 17
19 6
20 15
23 29
24 10
24 16
25 14
25 15
26 1
26 24
28 1
28 5
28 18
28 26
29 23
29 25

