100
20
9 27 7 23 2 14 5 18 13 22 12 1 20 0 8 15 4 17 24 11 
19
15 26 0 10 14 28 7 4 20 5 25 1 23 2 19 24 12 18 3 
26
15 0 2 25 29 28 11 14 5 1 18 10 23 4 20 6 24 21 19 3 12 22 17 8 9 7 
20
6 13 16 18 2 29 12 8 0 5 25 17 28 27 24 20 1 22 14 23 
16
21 28 4 27 1 23 2 6 13 15 10 0 19 20 5 17 
23
2 0 4 13 3 11 20 7 27 25 19 12 5 10 16 17 22 24 28 14 8 1 15 
25
3 14 15 18 8 4 2 22 16 1 29 13 6 10 23 27 26 21 7 19 28 5 12 0 17 
24
20 24 1 13 21 7 14 8 23 4 9 2 5 19 16 10 22 15 11 25 3 17 0 6 
23
10 29 15 27 9 6 14 2 13 17 0 20 4 12 21 18 26 11 3 5 19 7 24 
22
2 0 23 12 20 4 6 8 17 15 18 14 29 28 13 9 11 19 16 5 7 3 
15
0 12 14 17 21 16 9 22 25 27 3 8 28 2 6 
25
5 0 21 12 13 15 8 11 19 29 16 7 9 22 3 28 27 1 18 26 14 6 4 2 17 
23
1 29 6 12 15 21 0 2 27 11 18 25 26 14 22 8 10 4 5 13 3 23 16 
23
17 24 21 0 19 25 20 16 27 4 13 3 2 28 14 5 10 1 6 11 9 7 12 
16
19 17 3 2 7 23 25 16 20 18 22 8 4 26 15 1 
15
13 16 8 14 27 7 19 21 0 1 23 25 4 17 2 
16
29 18 2 25 13 11 20 1 23 16 14 15 4 12 10 3 
26
25 9 13 20 7 26 6 5 16 4 22 15 12 0 8 28 2 17 3 10 14 19 27 24 11 18 
18
15 20 6 10 7 12 0 18 17 22 28 8 11 4 9 27 14 16 
26
1 20 29 3 5 27 24 15 16 22 21 7 23 10 4 28 11 13 12 6 9 18 8 2 0 14 
20
26 3 2 22 25 15 18 4 0 27 1 21 9 29 11 6 28 12 5 17 
23
26 10 13 29 15 9 2 1 17 28 6 5 3 11 22 18 12 16 20 24 25 8 27 
22
23 20 15 1 28 11 2 22 5 18 21 25 29 19 12 6 27 3 26 13 8 10 
16
12 10 5 8 14 3 27 21 13 16 1 23 22 7 20 15 
25
28 3 26 21 19 13 6 17 27 24 8 25 22 9 15 10 12 20 7 29 11 1 18 5 14 
17
18 5 10 27 16 9 21 3 2 15 24 14 13 6 29 19 8 
21
26 4 12 13 21 19 22 23 29 28 7 27 11 0 2 8 1 18 6 24 14 
26
20 8 0 9 25 18 27 7 15 16 4 21 24 14 12 13 19 17 29 6 10 23 2 1 11 5 
24
0 13 29 28 22 12 16 11 15 20 5 25 14 19 3 4 26 7 8 23 21 17 6 1 
22
14 6 29 15 20 18 7 19 16 27 8 1 17 13 21 11 5 0 12 9 2 4 
14
28 27 18 5 6 1 21 23 3 7 12 19 9 26 
26
13 2 23 25 12 10 28 6 16 29 20 24 17 0 26 4 7 19 14 1 8 9 15 22 11 18 
15
21 26 22 11 18 14 27 3 9 6 23 10 13 4 2 
15
5 9 3 19 2 24 8 26 11 7 4 13 28 22 1 
23
10 16 0 28 14 3 27 7 26 2 24 1 29 23 15 22 11 13 19 18 12 6 5 
19
3 16 2 18 29 17 4 14 13 23 27 15 12 21 0 8 1 10 20 
21
25 5 29 8 12 21 4 27 15 2 7 23 20 19 1 17 14 26 22 18 6 
17
17 11 9 15 29 23 19 25 6 7 26 18 4 3 1 0 13 
18
17 27 16 5 8 18 28 12 2 0 21 19 10 23 15 11 25 9 
19
5 26 25 17 4 18 12 8 3 28 15 20 13 19 10 11 27 24 2 
26
22 28 26 6 29 20 17 3 19 10 7 13 21 16 25 2 27 24 5 4 0 8 11 14 1 15 
19
5 12 10 22 19 7 15 24 18 13 26 29 17 27 11 21 20 2 28 
21
10 16 26 12 22 20 6 18 13 2 14 19 7 5 21 1 23 25 0 11 9 
13
16 11 17 19 15 13 26 29 24 4 23 12 18 
16
3 17 14 2 28 29 23 4 9 12 19 18 6 5 26 22 
25
23 11 7 21 13 27 6 14 20 12 26 17 1 29 18 24 9 25 8 10 15 2 4 5 22 
17
29 2 9 21 14 26 22 18 13 10 25 15 5 28 1 17 0 
17
19 4 0 11 12 10 5 7 9 15 14 20 2 25 6 13 17 
18
6 21 3 22 4 19 9 29 27 15 17 13 11 10 23 16 24 8 
16
3 9 18 27 1 17 6 20 12 10 5 21 7 14 23 25 
19
25 8 4 26 10 12 7 16 21 1 28 2 17 3 15 9 6 14 0 
20
6 23 15 9 28 19 11 24 14 21 12 25 13 16 2 22 8 7 0 20 
18
18 26 29 28 20 0 24 19 3 1 17 11 13 2 6 14 27 4 
23
13 17 21 24 23 14 15 20 3 29 28 26 0 12 4 8 6 16 22 7 2 1 11 
22
21 12 23 27 4 11 18 2 13 10 15 1 22 5 19 7 17 28 26 20 16 6 
22
8 27 16 11 12 14 3 22 4 13 29 19 0 6 10 18 5 15 7 21 26 1 
23
15 16 23 6 11 9 7 3 19 0 2 21 20 17 28 24 26 5 10 18 4 1 13 
25
11 7 8 4 10 5 24 18 3 15 29 17 28 6 9 0 21 2 19 23 22 13 20 16 12 
17
9 5 0 28 4 11 1 24 19 25 16 29 27 10 6 21 18 
19
17 3 18 4 1 7 28 12 29 6 8 25 9 10 0 27 20 26 21 
26
7 18 9 21 5 0 20 15 14 1 23 10 12 29 27 26 17 4 2 16 22 19 3 25 13 6 
17
7 5 26 8 12 14 27 23 13 24 28 9 0 16 3 22 11 
25
13 4 26 24 14 29 6 11 2 21 9 16 23 7 27 5 17 22 12 8 1 0 3 28 15 
22
26 6 9 24 19 15 18 28 16 11 0 25 23 2 8 20 7 10 22 21 3 4 
20
8 16 20 29 21 7 11 19 26 14 3 5 23 4 17 18 10 22 2 12 
28
4 7 24 11 2 5 26 16 10 3 23 25 9 21 19 20 14 28 6 18 15 0 1 13 17 29 27 12 
23
28 27 21 5 25 22 8 3 23 6 14 29 26 24 12 19 4 0 7 17 13 20 9 
22
8 6 5 21 10 25 20 3 7 29 0 24 1 11 15 4 17 2 27 19 23 9 
29
6 0 18 11 27 13 10 1 4 26 14 16 8 29 25 12 17 7 28 9 21 3 5 19 15 22 24 2 20 
19
14 26 9 18 4 16 6 1 19 3 8 20 17 5 15 2 7 21 24 
21
4 14 5 17 11 1 10 22 26 13 27 0 20 15 29 7 24 9 12 28 2 
28
8 7 12 1 3 18 14 27 21 15 6 13 22 17 5 24 26 25 29 16 10 2 4 23 9 20 0 11 
14
18 1 28 14 13 29 10 25 2 22 11 23 17 12 
16
2 12 22 16 23 14 4 27 9 3 10 24 0 18 21 17 
24
4 25 18 10 13 28 15 11 26 21 5 17 27 19 9 29 23 3 14 6 7 1 20 16 
24
19 0 25 28 29 27 7 9 18 15 22 5 12 4 26 10 3 11 17 20 16 21 8 2 
14
25 0 4 21 5 10 29 11 8 24 23 2 17 12 
25
20 7 22 15 18 16 12 2 8 28 6 3 27 4 24 0 17 23 25 1 11 9 19 13 5 
23
1 3 10 12 26 7 16 2 0 28 11 24 4 9 13 17 18 15 8 5 23 14 19 
24
6 24 16 5 20 4 12 14 28 23 1 3 22 13 27 0 17 10 2 25 7 15 19 11 
21
19 12 3 9 5 0 27 25 22 11 16 26 13 17 1 29 21 8 7 4 18 
21
29 5 25 17 13 26 9 14 11 3 19 27 10 21 15 8 12 2 23 6 1 
18
12 24 5 10 13 19 15 26 28 21 16 3 0 22 14 6 7 1 
25
12 10 4 6 14 2 9 0 23 13 3 24 7 27 11 25 20 1 17 19 22 29 26 21 8 
26
5 10 15 17 7 19 27 20 28 13 25 29 26 18 16 24 22 9 0 3 12 4 1 11 8 2 
25
11 15 3 7 26 19 10 23 17 1 22 4 5 18 28 27 13 8 2 21 25 14 29 20 16 
26
12 24 10 17 26 15 4 29 3 14 19 6 2 22 7 5 20 23 18 28 1 11 0 8 25 9 
22
24 19 1 12 11 26 10 18 23 5 9 22 8 16 29 25 17 4 3 7 13 15 
27
17 23 28 6 18 12 20 5 8 10 24 11 4 0 29 14 21 7 3 26 15 19 9 25 27 1 2 
23
19 8 11 2 4 25 3 24 16 20 7 1 28 12 21 18 0 9 10 15 27 29 17 
26
1 9 20 11 27 24 14 22 23 25 29 7 21 15 2 5 4 19 13 0 12 8 28 3 10 6 
20
0 27 23 10 4 1 28 6 21 12 8 9 16 24 3 29 22 11 20 7 
21
16 26 4 21 5 29 10 18 8 27 23 17 19 20 25 24 0 3 9 28 15 
27
16 0 25 9 28 23 18 11 29 20 19 13 24 3 21 8 2 4 10 5 14 1 12 17 15 27 6 
19
10 1 7 5 28 26 27 9 19 25 16 3 13 21 23 24 12 14 4 
22
7 22 29 19 3 23 12 9 28 27 15 1 8 17 16 24 0 2 4 21 10 5 
17
18 22 14 17 7 24 1 10 12 25 21 15 2 27 26 13 3 
19
24 1 7 16 20 25 21 14 6 26 15 0 4 2 13 22 5 23 17 
27
22 4 16 17 9 5 23 20 7 13 6 2 18 24 28 21 25 3 8 15 11 12 0 26 29 14 27 
23
4 26 24 16 9 19 6 29 25 14 28 18 17 20 15 12 1 11 10 0 5 2 21 
